-893 -452 -822 574 -166 -455 -780 717 845 791 -922 -224 98 151 -320 -303 745 -894 -674 -724 -310 148 -317 437 -498 -665 -997 855 -107 584 -821 799 223 -227 -857 -987 -354 499 -82 -792 854 -911 -811 366 -709 -742 618 856 -957 -403 866 -119 174 -24 -457 -39 715 -925 574 -376 -297 68 641 -11 -577 681 247 308 79 156 657 967 -355 -975 -185 828 575 323 50 -111 402 102 307 631 365 221 822 707 -5 66 369 -141 -233 44 -935 735 544 321 -629 486
679 -831 871 -3 347 -464 -652 -315 -310 135 -199 810 -850 480 -65 -207 173 594 -312 -967 -613 200 -820 703 286 -256 -974 835 -280 -531 -170 89 26 482 687 861 -878 308 -411 13 974 565 290 475 -523 114 -10 -637 -686 98 -90 -225 539 -56 -910 -980 -725 -66 -605 -957 -475 636 -280 402 -444 955 -111 298 -140 -1000 -778 264 -872 45 -273 448 -819 -831 -113 838 -983 629 97 -227 -850 119 421 300 -173 -941 -340 -463 957 -33 -933 537 150 -315 -152 -287
-952 308 302 985 -665 810 972 -142 -869 469 781 390 -706 -238 369 -519 523 -840 689 800 285 -883 552 62 -207 100 -373 -701 871 343 581 875 -404 589 711 -203 -246 -741 95 996 -309 59 -756 289 -659 643 206 -209 -115 -873 518 -722 -69 368 -958 -285 -79 783 512 515 474 456 369 -77 -378 -122 620 585 -943 -676 68 -335 784 58 54 139 -719 -297 24 -786 117 487 -245 -540 829 167 -304 -810 -444 904 36 -502 -584 815 -341 -459 -185 -912 921 25
-836 958 -597 34 -592 552 824 824 -965 -603 -451 156 -528 -826 229 -351 -829 -302 135 101 -727 903 823 656 915 94 -723 609 847 -9 8 496 -185 591 -943 -474 461 705 696 183 775 -5 -303 -190 872 -541 721 26 894 -742 248 300 -988 839 625 618 231 247 987 12 -297 424 197 -750 415 -893 -262 764 -57 -259 961 370 752 -139 -354 -266 -557 577 -81 -298 661 543 -606 680 -630 -217 650 -873 723 -151 -232 24 -457 698 893 -642 753 144 -230 -246
-859 887 -394 -750 860 -457 29 678 239 -341 -888 933 -221 -895 200 -205 -389 -780 -47 174 567 972 446 -336 -504 324 -88 -456 722 -101 152 170 -296 -492 943 414 -68 26 177 854 890 -437 -310 955 -901 -627 -748 -960 -124 352 16 502 -730 -23 95 -913 -37 109 -711 -333 782 -243 825 928 -548 224 769 -935 -51 32 842 862 817 231 585 936 -409 445 188 845 -972 -344 494 -209 -534 409 818 -872 785 -482 -417 -656 -148 -268 -130 -912 243 -974 17 379
-663 -595 -905 -449 74 -661 564 508 898 87 719 -603 -380 23 772 794 -43 -541 -422 80 -812 -789 -94 255 116 141 -428 653 -601 66 926 888 -862 301 923 -197 -168 633 621 -82 -773 -877 167 -114 559 339 -108 59 -270 -685 10 -725 -602 903 -567 -506 991 -924 -500 863 -574 -850 -174 898 -948 -978 -156 343 -341 120 -939 -915 893 928 -496 496 816 800 746 -108 431 -404 898 -620 -378 -770 -422 374 316 683 -335 -566 55 -947 533 -260 609 -687 -46 -540
-152 -546 45 356 884 -110 -200 147 -614 -202 -843 851 17 778 -913 -413 -715 -26 497 475 869 -782 -742 -751 -58 897 765 -278 130 258 -965 -89 66 -278 -409 -258 -564 -201 918 -904 -784 41 699 812 542 -806 214 360 -335 507 -831 598 369 -579 964 -213 -632 -143 -742 794 -27 -713 743 766 -990 -668 615 626 -824 -323 -934 -799 -701 -552 -63 -119 918 -589 354 -172 -878 -885 -690 -766 -56 424 -816 -725 368 -916 -265 -100 958 663 678 -578 673 -511 -519 607
-117 -301 375 -708 -817 382 -981 -403 -330 370 -180 -293 611 -532 668 -876 -882 126 -868 -775 893 -489 -411 -520 -744 141 623 -999 607 812 238 832 571 312 760 797 747 112 -461 876 -139 999 137 -247 -241 282 -734 733 -147 795 -932 234 -408 -284 -359 413 723 -994 639 -283 37 554 -995 324 -398 -837 -225 473 -624 249 -334 -90 761 -786 502 221 959 526 93 -594 -183 300 389 -856 -608 -580 479 -267 -125 593 -16 -420 338 823 132 115 -666 -207 -946 -467
492 -937 565 871 845 280 377 -670 597 -606 -252 -624 -794 -721 463 238 -793 -447 -752 828 872 -850 -261 -884 873 -479 -261 -734 -484 -159 -811 271 -468 63 622 134 769 -756 364 95 -753 997 876 -325 -413 636 640 306 774 560 347 -369 -100 959 -519 -990 -809 717 -769 268 -794 909 571 -97 714 -205 674 901 812 832 -266 931 380 -631 679 852 -730 -207 -1000 -150 -571 -509 875 -992 654 -146 -735 644 735 -829 -643 97 -454 -138 -656 592 810 -202 695 -375
-868 789 -952 -751 620 165 -194 -455 164 -891 306 381 113 462 -615 792 -365 -363 223 121 606 355 -308 -954 363 -703 -369 -417 802 968 -591 -126 -566 18 -908 -135 -866 773 636 639 989 -685 -652 364 -904 126 -545 838 698 -872 -81 184 976 -612 -180 166 471 673 764 -112 456 95 922 -253 -848 935 701 766 -558 -817 -101 -913 922 95 896 -363 436 -937 -574 382 -928 -681 751 318 75 -799 462 -897 715 -157 632 497 808 -33 260 -213 -317 355 -627 316
347 -172 995 -123 347 393 -788 -822 -911 -558 -689 344 644 318 -722 601 445 354 195 -382 -253 44 -139 445 -461 -420 -159 729 -624 92 83 730 353 897 125 -813 750 894 -996 823 188 236 452 -706 64 554 222 932 359 230 -793 -71 864 341 -496 283 635 695 128 -19 -940 -239 -394 654 541 -47 -236 326 515 -418 707 102 563 152 201 335 609 988 -307 -594 -654 -919 -233 -893 199 -802 5 642 -238 544 -138 358 -638 851 -786 346 265 -851 -526 175
-215 997 -722 37 391 459 -797 563 917 -1 911 76 548 -526 801 284 629 75 18 -314 -355 920 238 293 728 -148 608 848 839 563 328 986 -453 -309 384 -16 -639 -519 -791 492 459 721 -892 414 56 456 584 -706 -245 911 -918 -713 -699 653 329 -658 403 404 -183 524 657 -634 579 143 803 -490 41 951 339 -626 580 -5 24 369 -990 -37 -681 -434 -283 385 34 307 -102 -540 -864 -126 528 738 800 -33 -189 -348 -904 306 -121 771 -148 427 -820 -330
-92 -51 -971 -772 -923 461 990 -278 -253 -344 593 -512 987 434 122 423 379 887 151 -25 493 574 683 205 423 -302 363 -522 -934 -622 -741 338 -81 -586 670 386 713 -40 -123 309 716 -971 -287 937 329 902 -744 -449 954 915 -270 114 -364 380 -854 -292 -579 628 -904 -759 143 -737 59 -980 228 -5 55 -139 -182 442 23 -869 635 -615 -625 -286 -532 -327 429 -151 509 0 -761 -190 -850 -265 43 921 -231 -791 -599 -474 -817 418 -753 -246 -642 -611 -832 772
-867 -136 675 321 340 887 -82 902 495 -106 944 -84 463 -918 -151 -895 -808 917 -388 938 39 -196 -230 706 728 498 -320 -247 -285 -871 -318 240 -621 -753 -945 -90 -198 24 -342 -933 690 -581 646 -413 -353 439 -413 -690 -346 238 -34 -262 -537 94 544 772 -930 260 -36 716 -682 -575 -324 -507 434 -26 143 -547 738 -361 864 590 -667 -597 -51 -13 615 -323 -26 282 -85 -52 653 863 -448 -107 473 870 -400 -838 333 -194 774 -46 -799 856 784 250 729 -341
-217 159 154 254 86 -736 -523 585 -883 -671 425 -148 617 42 -91 386 248 -442 243 -519 591 -405 -642 860 65 -514 859 428 -146 654 508 -831 194 -211 121 -871 -246 -47 421 295 919 -724 -656 -295 432 204 -738 -714 975 980 635 -377 -149 -684 -672 -70 -451 263 -525 255 672 -599 -393 -609 204 216 -900 536 776 -367 903 888 572 -608 251 -84 -948 -630 -676 580 -318 275 363 641 -670 -333 -920 -795 -502 -916 -289 -559 -829 -643 869 -55 -109 -648 -807 139
73 -897 241 345 -515 340 -792 -152 824 -681 -514 376 -372 -651 -78 566 -739 191 -245 511 -182 960 -954 260 -2 -364 -113 -116 485 230 -673 872 166 -706 -606 -532 -387 523 376 619 -97 35 -701 391 203 438 932 621 -596 -675 84 -655 -525 21 835 525 -757 -807 -381 286 -638 435 -967 21 472 569 284 896 369 -171 -527 131 306 639 -526 623 270 -116 883 470 776 -841 619 -451 -485 150 -392 -456 -517 977 -690 264 -582 -611 -982 352 457 834 -815 -161
50 -381 -1 -855 -621 -48 -339 33 -853 -107 115 -365 -804 557 -77 304 -951 -711 -458 -316 -740 -97 663 532 499 -43 742 -381 -762 426 13 -18 -282 -237 743 -746 -528 995 -266 966 895 438 -479 -453 175 79 -812 -789 -982 318 461 -290 -234 707 -78 -84 -207 -692 -635 -508 -633 328 382 -320 -577 476 -73 547 -706 671 593 382 123 -501 508 650 -123 -239 -227 -671 -471 173 -250 711 802 991 572 -191 94 438 -114 407 335 -989 447 886 -527 -28 -539 380
224 -530 -684 971 226 -296 -90 650 460 252 -344 985 456 -993 336 -46 -311 -70 368 -890 -514 -954 -469 -728 645 -446 -627 6 -627 371 576 338 869 -674 -505 86 -744 -646 319 -434 604 -179 120 -29 -885 -219 153 -142 -469 994 600 421 352 -335 625 -724 -847 -525 516 574 -103 329 -382 829 -812 860 -250 -657 975 -146 -432 926 568 -64 113 522 -15 268 -918 -887 -511 -697 -50 573 -124 -531 -790 60 12 -917 862 757 272 716 273 869 608 -236 730 -732
941 -605 -546 -960 410 964 -865 -852 45 101 32 -17 100 283 16 -404 306 909 -608 -336 639 -197 650 285 328 -593 57 274 -563 692 -606 -929 359 387 58 805 -603 282 770 -388 -428 762 -37 -413 -720 103 677 -200 -344 -742 -494 -688 -843 945 -238 298 -524 960 -253 -783 263 -103 749 -885 459 538 -958 -243 257 552 736 156 -915 327 276 -200 956 486 584 534 -306 342 -783 -650 301 -599 686 573 981 760 675 -380 314 -157 -497 -94 204 281 -365 -585
205 -323 -424 889 -15 195 436 568 384 -479 865 282 -6 -245 43 196 -249 -676 -64 17 73 -868 322 -728 -705 310 -110 516 -899 365 -262 -195 393 9 319 -568 -572 -328 -949 -571 332 -533 -650 786 258 -740 -464 -494 -109 -720 881 192 52 -217 -225 533 -611 886 -989 -870 512 987 296 213 976 445 241 840 -536 957 862 368 -673 -495 -890 767 20 -301 -309 -583 376 -198 -187 151 972 862 -868 100 997 -364 328 586 -222 951 419 -630 719 179 -133 -643
-330 -539 -268 96 483 195 194 395 -924 -621 554 -105 309 -301 591 -62 601 465 -776 -963 19 -963 279 913 423 -884 -178 -872 -665 465 949 -805 -729 -313 325 -611 803 -477 -505 -612 539 -496 -95 -953 -926 -857 38 -555 -24 -326 131 -718 417 -663 506 952 19 519 -20 189 372 273 -513 -765 -135 -777 -56 -870 351 520 -282 735 781 353 793 -852 -708 874 -77 196 92 -527 681 138 -714 -490 -544 -498 -664 -826 783 987 -456 570 278 -373 -806 -505 -519 -992
395 -474 -237 878 -257 987 799 -764 -511 52 877 -362 -972 645 -871 438 512 450 -428 -839 581 373 416 65 334 623 57 -189 -498 -247 742 -316 872 -46 761 266 -572 138 -106 -6 -921 -849 602 573 -888 713 -779 -794 843 -31 -200 -597 71 718 432 84 469 505 -979 879 125 484 358 -583 970 -290 490 852 -688 -736 952 430 755 802 161 -665 275 782 186 312 425 -381 751 -469 -872 909 922 769 -85 -963 772 -816 -438 742 26 -842 -464 -159 363 492
640 364 -52 -307 -749 -742 -49 370 -718 603 272 870 99 890 218 263 -367 92 516 149 847 -334 810 19 295 316 781 918 178 927 -409 -654 -594 593 -541 604 327 -69 -356 -853 -809 -35 792 772 -492 -88 -191 -520 432 -203 -367 -340 98 552 870 92 443 942 -425 369 797 126 211 124 501 -961 485 80 -780 -101 398 -740 -716 -17 814 -123 -716 980 374 -56 480 960 -752 763 795 -439 -714 642 -493 -826 -797 253 971 717 196 910 -424 -309 -720 -354
899 406 -105 -395 -839 -495 874 790 161 535 -890 816 74 -195 -241 -129 581 676 292 -929 -464 767 729 -543 -398 -55 372 108 -560 -65 -855 -571 -554 786 390 -655 49 770 401 -385 -731 -358 -623 -420 -835 -174 -270 683 -518 -144 947 494 667 -81 540 -675 -985 -407 31 264 -985 758 466 -546 -103 -108 -650 666 -394 -361 -387 576 954 598 -886 486 832 -517 988 809 -95 -538 -1000 751 -919 -254 -400 724 985 -709 792 -134 829 726 526 365 700 812 176 -869
-604 566 -59 699 -656 -955 664 130 -698 -749 -703 -636 971 607 133 748 122 878 94 715 61 -987 -879 800 -816 -504 -48 938 -19 369 680 939 983 580 715 78 48 -266 -628 420 -137 787 -4 -808 -950 730 419 239 -473 -565 826 300 -215 229 293 -298 522 32 180 -962 97 -628 -646 -591 850 -402 609 -636 23 -962 -176 736 -715 -358 249 17 606 833 100 -59 473 -421 714 -710 643 -771 575 -538 643 197 -34 437 -334 802 -846 822 -581 -240 374 478
-953 -584 -392 23 958 973 352 -164 -928 566 742 546 446 681 854 223 675 542 934 956 -22 -71 -546 -577 750 -219 -754 162 129 234 -229 -292 -788 338 -611 -596 -910 -551 75 595 698 313 750 657 588 87 894 522 -588 -645 -472 -156 -414 545 349 530 384 -617 197 -789 -990 -362 145 -467 -109 363 -833 -971 -332 365 -198 -167 988 678 819 331 176 748 -288 164 -365 958 -43 568 962 12 -206 -688 975 516 589 -630 930 -811 878 -116 376 -822 -257 -577
845 503 -890 439 744 708 -990 857 -168 -645 242 335 898 910 -794 -546 -366 357 -251 206 538 -456 169 -668 -369 97 -655 66 -24 750 124 -920 -384 -412 -419 -203 -940 338 -869 106 -878 -268 493 -826 931 -469 857 -853 108 -555 -912 90 977 844 942 40 408 251 -59 61 -909 -740 -419 -457 810 -313 119 -150 -443 278 -631 143 -611 831 623 -560 913 183 -61 998 -160 -497 -961 -654 888 -447 -150 265 22 -893 -308 -417 64 466 -936 -596 -16 -725 832 289
-252 421 -272 -241 -338 771 126 -255 780 225 988 502 -905 -763 310 378 290 852 199 -635 855 -332 -480 -610 49 437 -315 870 365 502 355 -489 -33 -416 449 106 536 760 149 800 170 -540 787 875 -338 407 9 564 256 -288 767 506 -131 430 -272 552 11 0 749 -885 200 261 320 -793 837 -224 135 -713 90 778 -404 960 877 870 10 -860 -439 -413 -759 -746 -637 964 11 -269 -705 968 379 286 -261 442 -860 291 626 360 749 -561 -271 -842 -105 -774
974 895 364 338 -116 -889 446 -100 960 432 -644 55 863 831 -511 -878 -563 71 -673 -633 -906 321 411 -992 949 120 -678 594 -757 -497 -308 -926 100 492 681 845 -519 -21 656 -220 -294 -623 -341 -903 -715 -122 897 -516 759 62 -747 665 -442 251 776 -868 578 298 97 -863 -964 128 497 258 -819 -282 -684 388 806 544 451 -101 678 73 -161 -70 -889 -893 -533 -866 288 -660 -964 760 -203 575 721 841 -613 -572 59 552 766 665 -832 808 -394 230 -889 -180
-41 596 104 831 -60 -9 -362 -812 -729 -139 -6 523 969 -520 -773 226 879 -132 -282 27 -585 -221 -331 -279 -727 -276 -791 311 -874 543 583 691 668 -219 523 -831 -45 62 -444 101 -238 -351 475 4 670 158 904 -845 135 -297 840 -938 -623 -150 -168 512 477 -231 499 -78 71 -422 -369 567 578 -239 873 671 43 -10 822 -538 183 -39 -312 350 -228 -835 -435 -356 -514 -586 575 -845 896 -567 448 130 -301 177 906 790 437 901 785 -126 482 -923 -22 550
-623 -83 897 -320 -874 -994 -73 -905 -370 -809 -186 57 -722 -332 -623 831 -427 300 899 -725 349 757 -787 530 832 -689 864 162 -855 -264 985 818 -323 56 905 -607 248 258 -224 734 10 -368 862 -565 99 -825 -402 733 -469 -713 559 594 -232 -444 184 693 845 377 -901 -803 -749 -543 270 -50 655 635 -892 672 579 -528 -737 -223 333 905 329 266 -868 859 656 -345 -124 -760 -407 -890 -977 893 401 121 -603 -646 -299 361 885 147 -444 480 -236 -271 184 -306
-138 278 -46 -453 61 -859 -964 600 -133 -393 -899 -589 369 641 -482 -138 -674 -305 -299 -228 -730 589 -715 -651 263 -304 -367 -611 710 -154 -80 81 -479 672 766 138 112 725 288 57 875 -269 -479 768 -249 538 808 472 86 -506 -893 518 593 970 -234 384 -964 -643 639 662 -66 -911 -695 317 -938 -862 690 -744 -579 -543 465 -69 -672 -806 656 887 533 -525 97 817 33 -917 -969 233 948 58 645 -734 -649 375 -772 -194 398 212 -546 254 -596 16 -621 726
-927 831 -849 -27 305 -243 726 626 978 -507 443 424 -809 355 154 546 -219 697 -147 -250 -312 253 -924 -879 438 -964 310 803 39 864 -431 152 99 883 372 -13 -454 -929 819 -23 413 226 628 89 -330 406 -218 499 -963 -353 -256 -508 -75 -467 129 -248 728 -742 -937 -162 454 -958 -644 987 777 -91 -982 -25 526 332 -67 298 50 989 893 983 -663 -139 293 549 -195 206 812 347 -251 448 259 665 759 -28 92 972 -258 611 -315 -237 465 255 -398 811
80 827 -337 116 -347 69 -438 778 555 348 -220 536 -597 540 154 -675 217 275 -940 506 -621 909 394 681 -348 666 -801 593 260 626 -24 452 -440 733 -833 -389 -341 584 175 -789 -464 263 998 774 -676 563 99 -428 703 -267 -991 -27 -470 -869 129 555 975 -275 -704 778 -163 506 -886 783 -920 516 834 249 -148 354 -824 81 276 978 982 -442 -668 339 -725 174 -584 -482 -28 -830 422 -268 598 -965 788 -995 -32 272 -336 3 287 -774 195 -86 224 -560
320 -336 893 -509 -328 -857 309 912 -403 219 517 -111 -161 992 512 -531 -460 362 -639 -793 -238 28 981 -456 -439 231 425 994 -419 -538 -349 -825 -727 -11 431 -799 928 -385 -705 860 -885 195 -178 -839 2 -801 318 472 528 938 -495 -36 -232 -850 -852 -611 740 163 -401 -289 -175 -856 122 -586 -219 557 -57 -5 808 189 530 809 512 11 -549 -127 723 583 583 473 -256 -108 -21 -848 510 -195 -16 -404 -551 -743 457 -99 313 29 -41 63 15 -388 826 -988
-61 87 243 52 -411 -1 649 161 -775 -317 -228 -856 213 -466 -925 -896 -952 382 414 -774 -368 -500 -586 90 728 -795 -701 245 882 32 -889 453 596 868 541 -584 502 -52 295 -824 -57 -344 782 -775 675 -759 894 -243 -98 859 -645 -846 -846 -523 842 473 -929 509 -308 520 -651 534 -990 -449 754 773 -761 -607 -358 -854 -399 18 710 -810 -780 -560 370 234 -315 555 534 -190 -52 254 -108 894 -593 615 -832 -395 -766 717 -514 251 -535 -418 -847 -713 302 766
-915 -134 -232 416 593 -131 695 899 801 -693 -110 -412 -239 -180 216 -305 199 -579 579 10 -622 -58 556 -470 -209 560 -357 -317 -882 -199 767 -238 373 796 213 -443 -471 -188 614 950 43 875 -669 -497 -761 759 -206 784 -908 -717 93 -492 -656 -21 -303 210 -534 -12 -304 -462 17 -430 -539 846 584 -82 783 711 -310 -31 650 197 539 313 605 -787 -454 263 719 692 -753 356 174 761 -537 77 219 -519 -900 187 556 -631 915 -529 -530 472 -137 -848 491 727
424 -16 -975 163 649 105 101 -78 473 299 -330 844 -715 364 480 -475 115 925 -899 470 -328 -276 -498 -338 441 -999 -156 -475 292 -435 -233 -556 17 -909 183 745 -432 739 257 423 -706 -709 -480 -760 -775 -129 -11 436 998 759 86 126 505 630 -358 -662 321 -497 153 727 -534 311 840 470 -29 245 564 522 -972 185 322 -975 950 848 989 778 393 297 -555 722 190 -128 -72 -292 -941 -685 -95 -846 347 -389 -731 148 422 372 120 545 -336 -158 456 598
-497 -146 644 393 555 -708 940 959 -497 -446 300 915 620 877 -788 694 -981 -343 86 954 -862 -876 587 -32 771 -482 243 -972 501 -871 276 -824 312 -641 354 360 -185 508 -670 707 795 -181 -450 249 -620 905 93 -259 -878 -341 467 103 -418 623 -977 656 742 339 604 -716 -240 699 -976 775 -123 623 -551 766 908 696 -407 -733 -872 715 -215 -274 -565 215 -718 634 -577 989 449 578 226 58 259 651 -215 491 569 134 689 895 -932 485 161 576 -312 929
469 621 -911 -121 -760 985 356 2 557 -981 -548 393 863 -202 475 321 135 -539 -806 547 -425 -90 -426 598 676 -627 607 211 -481 648 -334 305 -438 355 -669 616 240 -469 -525 562 -956 773 508 -51 -807 867 448 878 -581 -30 807 -806 -944 943 295 925 595 -371 75 -318 -117 -607 -619 146 -907 307 -725 651 -547 4 479 658 -677 -953 53 802 331 440 -734 -582 -538 -734 196 -328 -519 -495 271 827 662 -845 799 448 926 47 329 -406 -897 -929 -558 986
-19 429 483 497 -769 242 -401 -944 550 -695 -457 985 -656 682 -540 819 -82 -138 -16 -564 113 403 -801 -937 -13 426 -242 591 184 -214 -779 636 634 -909 -483 623 442 48 750 609 55 460 760 973 -985 846 -161 542 -628 816 -521 -500 187 -681 -757 30 -695 622 912 -160 212 452 -398 -290 -842 -754 172 -311 -70 -799 -563 832 -411 -346 619 653 -659 -732 209 933 -753 626 165 372 712 594 -417 907 -86 513 -578 -120 83 -954 -817 -94 -733 475 -707 114
-187 -16 985 652 776 -863 942 -51 -958 -80 -879 921 -551 -747 -173 -882 149 934 477 -457 -861 -509 35 -651 -694 464 209 472 -31 -731 154 465 65 255 339 -164 -571 -727 -543 -344 375 -514 -157 44 592 -392 202 171 494 -719 -963 -641 -805 -582 -563 -690 -834 -843 -893 -84 282 920 -661 29 -807 -163 -556 261 8 -604 605 102 -143 472 877 455 -875 -902 -939 -845 -241 -265 759 491 19 -719 -675 510 601 509 718 -625 -212 -891 116 -355 -609 927 136 -685
931 -89 -172 887 918 931 -294 561 561 -233 517 216 786 -976 -798 60 29 31 124 925 115 695 -512 -226 -392 652 -370 -699 -189 -301 780 721 890 -881 963 419 -567 -361 711 306 -386 -361 -335 622 336 120 -9 -991 404 -932 -924 167 578 958 -899 710 330 -777 452 -220 73 -248 -829 186 -718 63 -845 -702 -318 867 -291 -899 -417 -558 -38 530 -544 189 920 722 -396 -102 -984 378 -61 998 -23 14 -566 -871 964 -712 -179 -793 273 164 661 -681 551 382
711 -446 -279 -814 81 914 728 385 794 -158 -431 -141 -750 243 556 -441 823 32 -174 866 -622 -690 -32 -134 600 50 713 382 -810 -920 -376 961 -142 778 -214 1 -220 905 224 -349 546 -60 -346 690 -176 -657 56 -521 710 304 -600 -950 -873 -873 965 -346 -590 -895 878 579 -179 -23 -266 -160 764 -255 -452 -183 534 73 90 -372 -992 236 -520 856 -695 542 273 -657 -744 168 -83 147 638 744 -991 -934 -690 698 688 -378 102 -183 338 -363 -820 -972 458 -516
929 670 134 25 219 516 -238 -74 -759 625 724 111 598 248 -156 888 -150 -448 50 283 56 851 -828 -906 283 -253 462 -598 953 14 -903 45 407 -239 -937 -429 -858 -163 -714 -810 904 594 800 -134 -304 -788 -744 591 -85 573 805 910 -438 361 -104 -969 -378 -58 -363 12 203 384 -848 807 -994 393 491 471 59 799 406 -654 363 295 -781 -944 988 -551 -258 -824 -372 -180 -541 -559 934 -186 -801 -759 -94 -342 -773 -123 919 -600 -96 315 426 -587 -664 784
36 -669 -684 241 -797 -217 -956 586 854 140 426 570 803 -521 655 -838 582 470 -470 971 916 -924 -764 -742 295 785 -403 370 873 -553 -546 858 -373 110 -388 115 876 856 836 -397 -990 358 833 -670 893 934 52 136 389 -260 798 787 -539 244 -571 -425 -150 -924 -47 100 -365 400 141 -866 395 408 -958 188 -317 -487 878 876 688 -207 432 438 -960 -861 -760 358 -423 -113 462 -834 733 -623 379 -219 -625 268 -944 823 -958 -894 15 -756 -448 -452 -968 917
-62 -961 678 -30 -93 680 339 906 -170 614 -222 -969 -123 351 800 -601 449 -815 716 -130 -422 711 -685 43 -348 -336 478 -515 -336 -315 -385 616 -702 -196 642 434 -324 745 -719 -909 -853 -967 -155 492 -532 162 237 -972 117 422 -800 -183 -951 -159 788 -663 94 812 -205 -885 -40 -767 457 520 -550 525 478 -957 899 -764 -228 -969 -525 -510 -460 -178 326 -458 -316 989 -47 464 890 943 117 435 385 588 -544 80 -182 435 834 -138 -162 -231 -53 349 229 764
274 230 -78 -985 -676 -205 -646 372 -952 -452 -71 629 -793 191 -475 425 -450 213 192 706 -945 -908 394 -583 -760 296 -545 309 -790 790 562 -339 -286 -611 -493 -5 -467 709 610 -809 12 690 683 -502 -151 581 157 -780 631 868 1 -653 -490 -637 -923 814 -495 760 902 766 365 333 -612 -166 272 658 -157 217 156 367 -47 373 -817 -608 226 180 -218 127 -452 9 -877 -249 88 22 559 296 -651 -410 -48 870 -348 -695 -742 184 -970 -16 805 -398 -41 642
755 -452 -417 -59 -57 -920 994 -926 -524 113 -863 -596 539 -452 822 -644 453 937 -264 -162 373 -395 -692 114 -998 -340 462 506 -371 76 -264 836 482 721 -711 612 -893 -313 962 -153 -384 508 -48 813 -429 19 906 -799 -636 633 379 -425 798 381 -742 -718 623 -869 -264 353 -448 -299 -636 -622 972 954 -913 -203 -164 -353 -819 -565 596 -587 235 -590 698 -243 -402 -702 -575 858 -835 30 -785 -722 -640 -216 -818 355 827 656 848 -8 425 -659 840 448 460 -82
-821 184 591 586 -132 538 -411 -880 428 221 605 -87 -908 138 23 -603 556 -395 890 -473 -475 494 199 843 541 674 861 143 -590 993 -32 -365 -852 -672 855 -54 -581 228 349 -82 -276 -682 946 910 -341 -219 -436 479 372 -245 -648 106 -376 -142 -853 -48 -401 -789 601 318 -423 -316 -849 -631 -367 -911 -419 -168 324 908 390 -517 398 186 206 -354 584 63 448 618 -772 -684 72 -538 -622 413 860 -870 -758 484 693 -225 527 274 329 -572 -164 -658 -764 -923
-127 -640 219 695 -648 -301 795 814 833 501 -754 -218 -55 -799 -188 338 969 -870 657 -144 -408 229 -58 -408 -477 534 -5 -601 -36 854 -276 -995 108 -917 98 528 863 128 411 -761 -365 -968 -967 655 207 88 300 -648 661 -535 -402 174 270 138 -286 263 186 -70 -923 155 342 186 -448 974 923 435 669 20 -132 -996 36 -81 466 762 -419 -572 623 207 -91 717 857 -848 144 -976 -71 917 4 -323 -878 -613 220 -845 -611 6 -973 -929 -308 -355 -238 -59
126 640 426 -431 -550 478 254 494 -484 572 -568 -222 200 552 -50 389 388 -814 948 -605 -702 41 622 -305 507 -204 507 -855 220 -212 538 345 185 -299 -453 -518 687 -637 484 -372 865 -229 520 74 -633 -20 -899 534 668 920 -258 984 820 262 80 -28 -60 -974 990 454 418 244 541 -122 -898 -970 15 -122 -853 871 407 -496 -953 -417 -763 -574 645 -156 -925 -898 979 -825 -584 -354 728 360 -848 87 -895 -18 374 159 334 -383 -580 694 -310 -70 84 -226
-768 135 584 335 -509 829 -245 740 371 390 152 605 396 173 36 919 -994 551 -967 312 569 578 -630 -104 -564 -627 143 -658 276 -849 -284 -991 168 -454 -589 -993 -693 -401 -951 604 455 11 -473 -875 -572 144 -966 -85 -297 291 -867 -791 691 703 537 -141 -979 643 340 8 669 954 93 -447 384 -866 -764 -599 -787 -313 916 107 -403 496 724 204 -607 321 429 129 -525 -553 -574 -401 -785 881 -801 -529 101 396 -587 104 -30 -114 799 170 564 -792 -918 226
34 -609 936 110 -974 -662 -103 849 487 84 -969 896 456 -229 -509 941 -93 359 -865 -785 470 16 -101 182 99 -644 -739 -223 -275 -276 330 -963 -398 512 -309 -463 -800 255 547 939 538 148 -750 4 977 14 -746 312 450 499 -32 250 127 -976 -831 -327 -430 -266 20 -126 17 775 -570 829 837 -624 810 -355 759 972 -655 -91 -795 -649 -397 -513 539 -680 -505 278 -76 -559 -138 -370 -765 -473 -556 -468 -480 -43 119 -676 365 -876 165 -84 612 565 -676 -374
561 761 36 -320 794 629 752 -434 353 437 577 -145 -702 -726 -52 525 -129 -655 -380 309 150 -233 507 -951 -218 529 5 918 477 187 154 -833 586 102 -462 -927 -398 495 -618 -78 -704 403 -881 -729 -302 566 -760 -725 846 216 -465 -699 -34 812 -696 525 -760 395 -255 943 264 102 936 -57 87 641 226 970 391 14 -352 -813 -911 885 -985 722 -239 536 -628 9 529 -91 243 264 -61 -938 -794 413 -229 -495 22 -330 -114 39 728 193 690 -944 -123 413
456 919 474 7 268 -377 85 -354 468 866 400 -51 610 -156 -869 133 -349 -378 307 724 244 643 220 -94 -632 80 -709 839 662 -795 72 100 -394 -448 -274 858 511 247 849 -346 965 779 -165 420 -843 965 868 -28 121 -293 -954 6 -638 -383 -102 -202 -795 232 744 -102 -856 -272 400 -910 -612 573 749 133 -90 -180 -142 618 -218 -950 110 679 48 913 730 -742 -781 572 -707 542 -679 905 222 -203 -45 -23 -84 454 6 -165 -39 107 890 341 -801 -891
-398 797 147 771 885 92 -511 -514 900 -555 -329 -97 298 -215 -479 105 -413 339 -60 645 -974 431 437 544 -233 405 885 -86 -830 -922 -362 -170 39 649 344 -225 -134 -905 -524 181 723 -333 787 -880 -217 878 776 165 518 689 612 732 165 -322 115 -148 735 279 721 -471 -551 539 681 331 851 -421 -677 -668 132 -955 -736 690 -378 -870 475 -593 -733 -943 -177 -439 264 431 -744 -434 -515 -782 -684 776 -214 -105 460 -494 -833 492 614 -689 -470 64 152 -475
198 315 867 -832 428 -982 226 802 -146 204 -451 814 -165 292 -844 -873 -686 860 -823 872 -780 383 -508 332 528 205 236 251 4 881 475 891 -413 892 164 -495 -720 581 -477 -822 746 -687 791 -639 458 -928 -626 486 889 -278 836 734 -811 -770 567 -800 667 76 903 561 709 -727 525 -233 877 -677 90 696 831 283 662 -664 -267 -954 295 123 -206 287 -321 759 221 966 -153 886 -715 -564 -774 219 -547 -80 904 444 -706 -134 666 -248 249 -798 -89 -44
-785 793 369 -579 -603 -701 -909 -216 789 140 372 -105 823 -516 766 -130 -222 746 698 464 -502 -212 -65 -180 642 915 -132 426 -492 -687 -592 -570 -261 577 -979 -778 323 -277 -868 568 -947 784 -115 -260 925 -632 -532 -48 422 -138 604 143 -583 971 126 33 140 46 217 -800 -50 -27 -452 325 -804 -984 -285 759 -459 455 604 -471 182 690 -540 -699 226 -968 -372 -234 -370 -800 961 74 -945 -542 -247 -124 461 967 184 794 90 607 -318 -330 578 -837 550 85
675 150 702 -103 883 -164 528 738 -307 95 372 692 -933 670 430 630 -563 -789 34 168 -497 -712 670 -756 -835 -856 -371 -223 239 478 426 -126 -962 -419 301 622 -466 -245 652 970 329 191 -777 -604 -194 928 -589 -621 -233 -110 138 -14 -88 52 -299 39 637 -35 -200 -74 761 -263 294 -175 460 720 -135 897 -401 76 -338 900 -256 -409 59 -566 -55 -737 896 -960 -713 -554 -16 -529 110 381 -241 957 307 -480 -736 749 846 -127 826 366 -799 937 -338 -806
-103 920 383 440 148 -419 -206 -369 945 540 -111 -928 593 -407 237 12 -575 -729 928 -463 571 422 518 -601 360 196 -306 -358 -33 936 608 -292 -309 736 -736 177 821 -750 -837 489 -565 827 -922 913 543 444 170 -789 -610 -903 347 -786 -404 -34 -878 -841 436 630 -971 -507 499 -244 -721 -103 309 625 -744 -187 434 630 -870 810 -906 526 -852 -999 124 -88 -312 594 -419 837 940 167 -793 -333 -369 483 -321 -321 780 134 765 368 20 454 364 -653 634 891
960 -410 376 -20 497 487 283 867 379 369 -815 678 519 -945 399 104 540 -483 145 817 -365 959 -25 -888 -642 483 389 646 -989 -486 -798 134 -220 -757 128 444 708 -206 -556 118 -547 868 648 -741 227 935 76 461 -407 -41 -791 -635 911 156 248 -111 -932 758 -185 114 -29 754 -231 492 -422 191 597 210 -88 510 768 901 -84 245 -969 81 717 182 -415 -724 -952 462 596 663 399 977 295 419 958 -862 452 440 939 -549 41 712 -127 879 -495 734
-487 -114 669 -527 -880 -666 -508 -44 635 210 -476 -187 -43 -425 615 -51 -205 -916 -566 63 -288 736 -454 678 304 169 187 310 267 881 -173 775 -637 -557 471 -406 -615 -858 99 222 -953 -104 559 -328 -887 -640 825 966 727 719 893 921 233 725 937 379 -896 -974 528 -744 611 -507 88 -62 -342 -447 969 635 -455 874 679 866 -191 469 -638 930 450 -338 -897 829 -645 761 -796 -681 -78 -640 77 -994 -132 -164 572 -305 487 673 -404 740 953 -702 131 -981
-980 -883 -242 -632 -320 -143 -574 36 -61 -841 -118 -363 -841 -121 427 -668 71 -262 765 775 765 648 406 -666 -935 -217 36 404 -198 553 -852 -858 -539 -83 986 539 -81 -1000 -370 457 -578 268 439 787 -349 -258 -312 609 126 -96 739 -618 -608 -203 -464 698 -518 -68 -733 -276 -938 175 771 -382 -603 317 951 223 144 -639 523 923 -447 86 707 -378 619 -785 737 784 -290 849 -302 -646 -195 487 -797 582 -674 -519 -267 -900 537 25 95 -406 959 -841 896 -400
-773 -425 -804 -230 280 -354 -531 338 962 976 -877 -898 -371 670 849 -757 624 711 -792 -534 15 763 50 845 749 -38 -583 23 -451 -101 378 523 -482 -994 862 793 -645 920 969 -827 441 521 -649 839 -854 -305 762 -4 -327 -296 100 986 603 -997 -919 -147 -526 -469 -143 799 258 -955 -591 208 -993 902 -471 834 -555 348 -736 382 625 -746 -666 -954 -204 -480 -269 -515 827 978 957 177 648 584 -558 -299 23 133 -780 -996 -176 -999 -289 135 469 -238 -712 548
-518 857 567 439 -384 387 -610 352 384 298 996 -280 119 -630 395 -517 -898 -194 -975 971 -21 378 -444 137 317 2 -755 12 -200 205 -543 659 -595 -845 213 -78 652 -774 -793 -813 -449 -351 -327 -467 961 257 588 779 -923 4 -810 -679 -692 -837 -882 272 -302 834 -193 570 -74 514 -355 -834 348 215 -147 587 -234 -290 -452 887 744 -700 880 435 -988 376 -556 592 -37 107 -400 677 -465 -464 807 -196 -516 713 -153 -845 -911 701 -264 877 443 303 -951 -522
-375 21 785 -820 277 299 235 -725 629 -302 -680 419 -780 -948 823 421 -689 145 490 846 -970 -858 447 -416 -957 -184 -559 -184 -534 -634 -747 642 -431 719 783 801 810 24 898 -921 -676 -423 -761 612 22 922 -958 -491 950 68 557 -683 -926 -857 262 -866 725 325 734 -190 -410 555 336 -422 -610 -58 184 202 -299 -703 -705 494 846 -240 -350 380 402 457 383 -621 36 -506 -540 562 652 318 568 -742 -53 540 -713 -269 980 -862 -318 -960 502 950 541 -467
285 7 -952 -207 -488 750 -622 -555 -865 -184 -273 621 -570 254 505 342 383 -248 296 790 -735 160 -238 937 859 -683 -357 -378 908 589 554 290 -646 549 140 276 -502 565 -386 617 355 289 640 490 -182 -256 -9 -418 -706 764 -97 -300 -196 913 -651 -936 -857 442 -416 836 894 -437 143 677 232 -640 694 102 -443 290 561 105 942 -48 651 588 430 -985 -557 463 799 527 -34 -714 834 752 -882 595 -91 722 -359 365 376 856 -356 -228 -760 185 -197 479
-616 -150 -808 -265 -853 346 321 497 -688 30 906 -504 280 -781 57 -890 977 2 570 -414 -563 452 -317 -409 -266 -338 -304 542 732 447 -292 -61 -700 -226 -41 -482 -93 977 994 354 5 -526 0 443 -13 193 -758 -230 705 -369 -759 212 -909 -927 838 -888 -179 -386 -269 227 598 -23 712 990 -541 -43 102 280 -661 751 360 6 729 -991 460 243 -587 -662 -277 122 495 -90 -653 397 -69 621 -483 -605 495 761 -68 673 -210 614 -97 -114 749 -699 594 -559
-417 -486 963 -535 590 962 -280 7 438 809 869 -689 -711 959 234 493 184 912 -309 -259 74 -76 390 170 -502 -208 -365 736 704 143 378 -467 712 259 68 -437 302 414 -20 -581 957 163 -532 515 57 -994 527 -373 332 986 99 467 911 411 -934 -396 700 -847 89 885 -923 -651 401 245 -923 -588 784 -821 351 644 324 868 -642 205 766 -377 -223 -931 -209 160 -30 386 489 952 -837 942 532 99 180 660 559 -113 -606 -633 895 590 569 -101 -69 -126
619 -536 -3 199 62 972 -242 557 -154 658 -461 -466 412 501 -822 818 -359 309 938 -915 -47 122 678 -612 508 -936 -326 13 -809 -662 -879 -734 -797 156 -358 -908 888 -839 -978 819 -98 -454 -136 695 -188 -758 710 -932 909 -764 307 -311 -675 186 -700 -865 699 -372 808 545 628 -613 107 252 -442 -65 -7 563 -243 -681 -801 -217 730 -249 530 -213 884 -74 718 -776 -687 -632 -763 601 -587 -104 383 -156 -487 -920 445 296 -381 -223 94 -39 -266 970 701 494
-426 323 -471 61 -200 309 457 693 -548 56 -889 -496 -583 -650 -55 -67 772 336 700 -570 200 -444 541 -56 410 892 -410 744 55 56 -565 616 -744 -512 923 110 525 -333 207 -282 -804 223 659 776 915 -594 367 257 828 603 753 410 695 -257 914 -942 105 -998 879 667 -443 366 216 -718 928 184 48 895 -968 -732 -924 421 -904 142 -780 858 -35 -48 -167 593 -326 939 252 194 451 231 -2 -372 839 434 -903 698 -88 296 768 -241 -606 297 182 964
860 140 709 158 -951 165 -425 -565 483 169 -84 -345 848 566 945 768 293 -445 436 500 867 820 -738 46 -774 -625 380 -257 729 109 -865 656 -89 914 -977 -45 905 507 771 -88 -985 639 -653 815 -177 -805 601 -239 -667 447 433 -397 -86 -433 386 148 -759 -297 -201 592 -952 695 390 -168 489 360 338 -27 117 483 -45 660 -320 -683 442 -114 565 666 514 502 454 710 928 161 -381 619 -835 -45 -557 418 119 -399 257 -562 -727 -661 -432 -170 -995 371
41 -130 -319 529 210 842 850 304 -820 -883 182 -558 130 702 613 850 -299 -500 804 886 -120 -853 168 -285 -666 679 -33 656 -183 741 -229 -611 723 972 -239 306 18 -422 -266 205 -23 681 328 690 718 -712 -747 767 660 -685 975 -813 888 -801 924 427 -735 -518 -952 778 246 -226 -932 -389 -525 368 610 -745 72 912 -779 -669 -855 555 -856 -238 46 -119 -477 -429 -731 317 -350 973 389 -346 726 220 -768 450 -340 -979 -370 544 -244 777 130 650 571 -766
-644 962 -600 328 933 983 -37 792 199 620 912 788 893 600 1 955 -136 419 -771 655 271 -705 -632 538 -974 -266 681 567 27 594 160 468 880 627 677 -716 -789 62 -882 -684 -598 -428 -831 -17 -546 19 230 316 -964 595 406 87 222 928 -484 -987 -389 -58 -217 -791 -637 715 -268 139 -21 -975 606 -884 -586 543 -540 -136 -668 776 -665 245 -227 580 -894 -370 0 189 -744 666 -938 -887 -440 512 223 576 406 -935 612 -9 99 835 -394 -20 -304 -332
-997 548 -309 380 989 -671 272 264 218 -670 508 101 402 -407 956 818 219 938 -656 -63 -681 -376 844 -405 534 854 -863 -528 713 -505 -156 835 -928 -860 265 -45 751 -390 -20 -682 -552 581 -574 991 -334 368 149 478 566 -69 201 -744 -596 376 -30 -593 -567 -77 565 331 -198 -542 -834 -291 820 -803 184 -679 607 444 245 217 173 212 -949 -285 151 -630 926 631 840 172 -357 -267 -63 -502 -664 932 539 549 160 -428 -972 983 282 -372 -842 998 351 -144
672 -27 -904 -166 950 -642 -204 915 788 379 993 396 232 -780 -625 -184 674 -597 432 646 -271 601 727 -617 954 137 -531 -403 588 -173 231 889 -910 -590 40 -820 -56 -349 -705 458 -864 -602 -495 -581 148 -875 -388 367 -61 -704 -260 -957 -198 450 894 -330 656 -153 407 854 -109 -851 -674 171 -108 -30 -754 -443 52 415 388 -353 521 -767 994 -69 0 172 3 58 22 708 267 670 863 -347 414 296 -133 -617 42 200 -434 323 964 214 392 -256 -558 735
463 -734 -222 -117 -755 -200 543 662 234 383 507 -575 104 -341 -69 878 666 -17 508 997 -857 4 679 -858 -576 637 -619 -948 -362 -62 -675 -169 206 -606 746 376 227 236 397 528 -596 366 -627 -733 -717 935 152 -857 561 593 -240 -642 343 150 -78 339 21 -709 356 504 -770 -269 -536 135 -809 806 334 865 -291 245 -775 988 230 -230 -873 745 401 -218 92 995 108 -143 -321 825 -837 743 -967 -31 749 -243 409 442 653 922 -1 -21 529 -108 413 -793
-979 -680 552 -446 -964 -986 -299 486 258 723 739 974 358 -544 700 8 38 127 700 205 -187 912 0 722 -970 456 -458 773 640 676 -909 -380 -208 588 -377 41 -775 -917 209 203 43 -185 -393 -380 -27 382 622 -263 -14 270 923 430 -366 -110 -885 37 612 19 -25 -487 169 889 -252 -786 -374 39 -839 2 84 535 -939 247 -554 -515 762 -582 -412 751 -659 935 792 -509 583 260 759 -915 568 334 742 608 -244 865 -73 -144 484 279 440 -425 927 927
49 292 56 768 454 -381 -857 -10 846 290 -730 -628 500 54 783 -908 -530 -281 -308 641 49 473 -927 73 635 53 161 331 -777 -958 881 677 219 760 43 -398 -798 -894 -938 546 635 373 66 278 -590 -753 -296 -444 301 -549 291 519 -869 -440 -359 648 -924 751 -261 -382 692 -644 427 -735 -690 430 -201 647 -640 946 -262 -929 982 743 68 -920 686 -999 387 173 -113 -765 -169 -267 743 -900 -292 920 4 -722 -990 549 321 -418 -874 482 728 302 109 -151
-189 -14 894 -577 -297 4 403 441 811 787 -599 336 210 -242 286 -991 -791 529 -631 335 -197 662 777 305 155 -809 725 637 962 -738 -983 -899 -545 296 545 -501 -678 -195 -625 -471 865 -893 295 -763 -897 -450 766 144 -433 584 -836 583 446 880 -727 -493 371 -948 -929 348 -905 626 95 140 958 632 942 606 386 -755 6 -297 142 74 -382 -942 965 554 -962 551 -721 505 -823 449 -39 163 84 230 551 -484 -934 85 -52 850 44 -564 618 -720 -224 -276
68 -487 436 438 975 928 -398 179 984 -714 322 304 886 60 626 -272 195 464 -733 -502 -443 323 726 -228 -391 -464 -90 -759 356 34 408 431 961 642 743 755 144 725 411 891 151 36 136 60 -711 166 -181 899 -184 -10 24 297 -577 201 364 -660 254 -64 273 -379 -958 -28 294 638 823 -254 977 323 377 222 -426 996 -49 837 -398 884 -350 39 656 -710 703 846 -45 -983 904 -765 703 155 -764 229 -587 423 -11 -721 611 -415 909 700 666 930
-952 708 -902 -235 -793 -685 998 411 75 580 -662 523 -113 -474 -620 -345 903 -976 -661 -746 -625 636 969 -240 -265 314 153 -757 758 -4 484 589 741 276 752 -499 18 0 -819 939 -464 -679 941 462 -294 506 483 707 -949 -32 -800 -298 429 -699 -995 -479 -261 17 609 365 627 -680 113 285 517 -336 557 48 810 -29 152 274 -639 -522 458 295 294 -370 -579 -434 -515 -803 -778 -717 54 -459 757 549 957 11 -804 155 892 -411 -847 455 670 -381 -833 -103
3 -306 -478 -574 -994 692 672 -778 867 571 700 753 762 -125 520 126 -263 239 439 850 -650 -50 -461 -331 -32 862 -947 968 377 921 -796 984 -885 444 63 -772 549 -488 -836 225 896 -91 984 745 378 -26 280 -372 -971 -564 -953 -545 714 -124 853 -817 -15 630 -565 -215 655 -493 786 405 -467 479 690 701 -445 319 -130 -960 704 874 -792 -313 -857 -830 -224 -101 -673 -640 712 883 -720 151 -433 -590 210 43 -814 -246 879 613 -779 -657 -622 -700 805 510
-634 -255 -117 647 246 329 72 611 216 340 34 -231 242 853 -265 220 -889 275 202 -615 -548 -969 193 86 -27 840 -956 869 -131 112 597 -928 -200 989 929 685 -250 -712 -476 398 -224 -291 862 -423 278 -622 732 557 436 -501 -337 -98 -733 818 458 690 539 651 -517 640 429 -621 -663 -946 269 -504 963 756 -563 -712 -954 582 348 249 573 -830 322 843 321 -30 959 212 -22 615 -967 -848 865 547 968 -543 482 707 -469 -562 -912 99 -716 -914 850 -740
-667 -709 -143 -146 584 607 615 961 946 -554 788 290 920 861 759 -135 -67 -745 -774 -888 406 280 -614 169 554 936 823 487 423 -597 -209 754 -726 220 -955 72 172 876 -8 587 -712 470 459 541 710 958 815 830 777 930 -417 820 180 494 157 -579 -322 660 443 433 -263 736 902 601 741 -252 -301 -628 903 -783 -107 -166 -893 910 581 323 166 585 -679 0 -983 888 -948 -959 630 781 844 -831 544 551 0 352 -747 -851 666 -309 -194 -198 269 483
-352 -497 -694 -372 933 -731 482 -546 803 -393 -197 619 532 -814 -705 438 -310 503 453 -800 34 -456 -462 -839 -313 -966 185 249 -248 -169 530 -694 -256 -876 -198 -796 -672 575 491 352 -957 735 413 162 -307 23 739 -964 -866 296 398 -18 -300 108 -882 -506 221 932 194 953 -580 489 -761 -452 -581 -487 403 295 320 551 -308 -193 -128 559 543 765 260 280 -13 82 -264 424 13 -657 -3 185 379 -758 829 831 272 -265 -269 319 285 -517 368 835 88 -788
408 -256 -401 948 -305 -213 213 535 -10 30 -348 657 -996 -327 711 -67 950 73 678 -17 -965 -683 892 454 -974 413 -510 -135 -519 249 61 398 304 -578 805 -862 -136 439 87 -404 -758 -971 755 840 -687 -581 -904 -455 -352 714 287 433 622 916 -189 -149 -365 130 -980 925 -36 827 -434 -215 -155 563 -205 -577 -882 -877 892 -785 -255 430 -925 -14 430 -509 286 663 -474 -444 114 -497 -95 -990 -233 964 -179 -938 298 -260 360 336 -37 936 999 -567 807 971
396 89 28 -233 -435 -54 -612 262 -413 -313 76 158 165 59 -381 -499 -81 -591 -517 539 255 -19 490 -567 -663 -822 738 -392 -126 783 875 -489 725 400 -982 -987 -842 947 -316 738 989 8 230 967 -688 -700 66 854 740 528 204 545 -323 629 -268 430 -821 286 -805 16 794 -216 786 426 305 -208 331 -194 -854 -24 174 -916 818 546 -140 -300 511 -638 424 -850 -510 -102 -924 264 824 966 -931 23 872 28 21 -881 760 -46 -267 184 -306 952 -943 -44
848 -501 42 -686 -150 -838 721 -765 243 505 403 -575 384 331 -692 957 -434 368 -318 536 624 -934 -496 -688 -872 -310 716 -910 96 -591 944 -74 242 619 72 625 682 600 -935 -729 -3 -474 698 766 -6 -389 -35 -422 500 646 -106 -39 -451 242 979 804 191 794 513 416 -980 -528 -405 -687 263 -754 118 151 -550 -499 -573 -146 708 -901 -770 911 -537 -4 -180 -107 507 69 -128 -461 -752 -581 269 333 883 -852 139 -938 420 116 654 -197 -227 -862 -483 -662
55 914 397 145 525 -278 -741 696 778 767 953 -694 915 438 -293 995 114 936 246 207 -660 423 270 871 -361 -423 -99 283 -539 322 -198 -432 736 788 51 992 -517 833 -361 808 -679 897 448 4 -234 480 182 209 787 -831 2 -674 -915 504 -165 -756 902 -911 -416 -902 -682 -569 -357 -923 -600 105 882 342 769 -850 895 911 -164 -523 577 -857 632 971 -787 614 -785 385 -38 431 -522 358 -157 315 -747 783 981 379 729 -701 -330 -221 537 -357 573 345
758 -729 85 257 449 -253 -473 -246 -527 -54 -9 664 676 -219 749 -844 -888 435 -549 471 713 -347 558 896 297 769 -608 -747 345 -909 254 -532 844 -684 270 -338 917 -613 345 -747 205 161 619 -733 -381 -988 656 673 873 -575 321 73 -720 -630 381 196 -648 -333 924 -941 462 736 -196 944 573 293 -986 917 551 -204 -197 785 337 766 -413 902 465 -532 -528 744 -806 -869 333 15 -359 -723 -295 -562 669 46 -902 -110 -37 -944 514 920 -261 -501 -865 -957
660 436 -838 648 96 -492 690 -472 800 90 -577 793 33 -275 -733 -999 165 607 -699 -728 -72 -87 -747 689 -842 867 -270 319 -1000 -977 631 -392 320 -941 261 112 346 228 -474 -504 330 159 -998 -249 -300 -400 -552 937 310 324 26 630 -127 53 67 855 777 -578 348 -470 -659 -706 -768 -434 -44 900 -682 -76 -51 677 556 -576 646 -528 447 -59 541 155 294 903 629 180 825 347 742 196 214 -445 574 180 -876 588 -680 -493 -670 791 -924 500 371 438
121 403 871 562 476 -511 754 -540 942 25 346 -362 -710 560 -59 -405 -243 94 990 -108 544 578 762 -986 338 350 734 -960 -399 -225 752 -46 -578 604 153 -393 966 -259 198 -438 181 -622 992 -448 684 444 -995 512 656 607 -99 -576 -746 -804 913 617 677 153 -797 58 744 144 840 907 -696 461 -653 -644 -950 -621 -847 -250 -523 -521 668 -435 -83 -565 -20 771 -755 896 378 473 666 143 609 -638 -986 783 -1 -330 88 942 582 -878 -396 617 95 -538
-663 -244 239 211 46 -42 -320 -675 703 309 -690 -386 -570 -467 666 -449 880 -192 -45 -849 88 626 423 7 476 238 -67 -782 200 210 -863 -611 672 191 75 89 100 576 144 435 -375 438 44 682 721 167 -724 740 -808 -12 435 791 764 605 761 64 -456 179 659 199 -1 -826 -504 156 347 -996 -367 -502 55 -629 -869 600 -966 510 799 774 -146 -384 -277 381 -957 -824 383 877 -993 73 911 174 -479 -110 758 421 -427 -27 475 -321 568 150 666 -844
-344 -466 -531 -407 -147 -845 589 -98 -937 514 173 -686 -564 -186 301 833 242 -921 -36 -260 181 424 -997 963 -185 487 -128 -185 175 -375 -359 -684 677 -994 893 -998 238 -431 366 -896 789 399 556 498 -22 -60 529 516 -365 -330 -272 -8 79 375 -856 796 0 614 -63 -426 636 27 232 -338 -503 712 708 700 -350 -556 -389 -916 325 -109 267 175 -623 -334 102 507 578 168 195 -827 41 -906 -40 625 690 -415 575 -943 -420 475 -355 -279 868 -488 39 551
732 -754 4 440 942 84 -567 229 89 -386 260 811 -665 172 -594 185 -714 -521 494 -478 486 -575 -150 50 170 -504 250 -823 -576 -316 -331 -568 655 941 828 38 651 989 578 -428 -174 172 -755 -134 -536 -319 802 800 558 -93 -543 615 968 934 609 -488 679 -964 -577 46 572 -668 860 -300 793 804 -977 439 17 -721 184 -219 965 240 724 355 679 -529 217 320 -682 -587 -430 -580 -74 748 455 -316 -653 913 202 145 -267 -55 -50 -48 -905 854 185 -452
907 981 767 -535 -149 944 -754 213 -462 129 -577 2 -396 -148 669 -147 -914 123 -416 -892 -822 -469 487 429 665 -275 -710 901 941 603 -995 34 -275 120 -148 636 -861 -718 833 876 -355 -991 305 -985 472 260 312 289 755 69 -721 483 -977 294 -530 27 570 -234 742 979 447 259 487 179 225 -35 -793 576 261 610 -319 -995 -479 615 408 -648 983 -751 565 -390 462 815 -591 332 -217 -577 928 420 593 -212 377 783 798 332 824 222 614 420 958 918
-304 -670 412 -687 841 -698 889 812 -613 529 -935 -56 474 656 -332 583 -17 623 -241 -36 -183 -945 -570 -7 660 516 -791 -477 -399 675 223 -659 -432 -302 279 -352 -184 681 -208 6 -455 258 -855 -20 -629 -912 245 -93 641 807 -271 408 -101 744 -65 321 852 -734 -865 674 -254 284 -161 -763 452 -32 -349 321 -349 -628 -724 122 -281 423 -419 104 -776 -824 580 933 -906 -740 -529 -309 -264 127 -8 943 -849 628 881 -578 418 -356 214 293 -562 -824 699 26
598 594 -848 181 -729 996 706 -875 -961 297 -994 -618 -999 -336 -132 474 748 739 547 149 -616 -189 -375 178 212 -762 693 -899 174 -173 787 917 -12 -321 -829 -837 -80 389 -331 744 -581 -311 532 -526 -550 870 572 -37 -898 282 996 387 -653 -237 -342 -601 852 310 850 -417 349 -358 393 -977 -935 978 -817 -88 755 -869 425 614 125 -484 -778 320 -93 -882 -228 -602 592 -809 237 -783 768 748 -490 664 51 -160 364 26 -14 885 581 20 145 -776 -778 471
